ATLAS CENTAUR 2         
1 00694U 63047A   26256.05107532  .00001847  00000+0  21120-3 0  9991
2 00694  30.3559 227.9687 0545117 292.4628  61.9137 14.12682868158134
THOR AGENA D R/B        
1 00733U 64002A   26256.06776948  .00000091  00000+0  49457-4 0  9995
2 00733  99.1139 279.5349 0033778  73.5669 286.9222 14.34093879265158
SL-3 R/B                
1 00877U 64053B   26256.12631638  .00000070  00000+0  37807-4 0  9996
2 00877  65.0764 141.6611 0077064 233.2173 126.1838 14.61462531294183
SL-8 R/B                
1 02802U 67045B   26256.03710936  .00000161  00000+0  52392-4 0  9996
2 02802  74.0138 358.1709 0065020 319.7045  39.9303 14.45718826116092
SL-8 R/B                
1 03230U 68040B   26256.05226854  .00001822  00000+0  13358-3 0  9994
2 03230  74.0284 290.5387 0022881  57.4454 302.8940 15.04195152118176
OAO 2                   
1 03597U 68110A   26255.52722747  .00000137  00000+0  41889-4 0  9990
2 03597  34.9939 301.9946 0006027 258.0391 101.9624 14.47379241 46182
ISIS 1                  
1 03669U 69009A   26256.08600874  .00000168  00000+0  10384-3 0  9995
2 03669  88.4399 134.7498 1707938  70.7969 306.9541 11.30448568369709
SERT 2                  
1 04327U 70009A   26255.66185410  .00000007  00000+0  65751-4 0  9997
2 04327  99.2865 188.6861 0005695  53.4493  13.6364 13.58745598805289
SL-3 R/B                
1 05118U 71028B   26256.09525119  .00068160  00000+0  37528-3 0  9994
2 05118  81.2298 177.5921 0007869 349.0310  11.0780 15.79414551 18074
ASTEX 1                 
1 05560U 71089A   26255.93782640  .00000349  00000+0  88467-4 0  9992
2 05560  92.7096 212.1478 0015917 163.4070 196.7660 14.50909446889451
SL-8 R/B                
1 05730U 71119B   26256.04637716  .00005616  00000+0  28988-3 0  9994
2 05730  73.8867 184.6815 0538183 112.6801 253.2171 14.40340845682444
OAO 3 (COPERNICUS)      
1 06153U 72065A   26256.17167506  .00000207  00000+0  46768-4 0  9992
2 06153  35.0064 309.0574 0007160 256.5039 137.7876 14.60101188873611
ATLAS CENTAUR R/B       
1 06155U 72065B   26256.09636912  .00000607  00000+0  85253-4 0  9993
2 06155  35.0016 287.1210 0033122 148.9479 211.3186 14.78041994869000
SL-8 R/B                
1 08459U 75112B   26256.09921215  .00000103  00000+0  42262-4 0  9995
2 08459  74.0616  34.1352 0014642  76.9534 283.3254 14.38277971658815
SL-3 R/B                
1 10114U 77057B   26256.15451639  .00008531  00000+0  15663-3 0  9998
2 10114  97.5875  77.0959 0005784 333.8499  26.2458 15.49508609697321
SEASAT 1                
1 10967U 78064A   26256.01265368  .00000115  00000+0  70491-4 0  9991
2 10967 108.0079 158.6410 0002145 299.6197  60.4735 14.46286476533598
SL-14 R/B               
1 11267U 79011B   26256.02894387  .00000320  00000+0  28871-4 0  9991
2 11267  82.5209 278.7943 0016810 146.8439 213.3838 14.92077152556716
SL-8 R/B                
1 11574U 79089B   26256.00964801  .00000144  00000+0  51456-4 0  9993
2 11574  74.0670 104.2812 0016535 230.6180 129.3513 14.42435963463112
SL-14 R/B               
1 11672U 80005B   26256.03127873  .00000336  00000+0  31315-4 0  9990
2 11672  82.5142 129.5221 0014145 257.6670 102.2966 14.91094180504407
SL-8 R/B                
1 12139U 81003B   26256.02058565  .00011110  00000+0  26131-3 0  9999
2 12139  82.9344 115.9854 0239204 243.5602 114.0914 15.17153677343028
SL-3 R/B                
1 12465U 81046B   26256.07303219  .00009597  00000+0  19585-3 0  9993
2 12465  81.2277  64.0442 0018004  84.6542 275.6756 15.45858539467344
SL-3 R/B                
1 12904U 81103B   26256.11603587  .00002818  00000+0  11893-3 0  9994
2 12904  81.1617 353.2749 0012858  18.5319 341.6378 15.22887312  1750
SL-3 R/B                
1 13068U 82013B   26256.12684782  .00002551  00000+0  10592-3 0  9993
2 13068  81.1728 300.8016 0020459 265.8837  94.0058 15.23286653432875
SL-3 R/B                
1 13154U 82039B   26256.12452661  .00001416  00000+0  82568-4 0  9998
2 13154  81.1493 359.4916 0032108  61.8071 298.6391 15.10896510409935
SL-3 R/B                
1 13403U 82079B   26256.17063321  .00003422  00000+0  12934-3 0  9993
2 13403  81.1482 331.3621 0022686 248.6617 111.2196 15.26461187406286
SL-14 R/B               
1 13553U 82092B   26256.14280211  .00000288  00000+0  29452-4 0  9991
2 13553  82.5701 326.0049 0021309  42.6639 341.6178 14.86801364356781
SL-3 R/B                
1 13819U 83010B   26256.03400339  .00011054  00000+0  18679-3 0  9991
2 13819  81.1005 131.6091 0015545 105.9184 254.3778 15.51315695386945
SL-3 R/B                
1 14208U 83075B   26256.10626667  .00007394  00000+0  17472-3 0  9999
2 14208  97.6115 268.3112 0017933 277.6408  82.2802 15.41996852359005
COSMOS 1536             
1 14699U 84013A   26256.05883141  .00003748  00000+0  14464-3 0  9999
2 14699  82.5406 281.2736 0013137 350.7476   9.3518 15.25898437301172
SL-14 R/B               
1 14820U 84027B   26255.94925950  .00000302  00000+0  31538-4 0  9997
2 14820  82.5386  69.3976 0019397  74.6953 285.6405 14.86109444275445
SL-8 R/B                
1 15483U 85006B   26256.09168306  .00000034  00000+0  20026-4 0  9994
2 15483  74.0434 276.2965 0017570 148.0502 234.2220 14.37863212180968
SL-12 R/B(2)            
1 15772U 85042D   26256.18443163 -.00000031  00000+0  73917-5 0  9998
2 15772  71.1078  51.5941 0035704 197.1702 334.8691 14.22020728141041
SL-14 R/B               
1 15945U 85069B   26255.94382617  .00000329  00000+0  34370-4 0  9996
2 15945  82.5273 208.8248 0017291 294.2552  65.6858 14.86568422200651
SL-16 R/B               
1 16182U 85097B   26256.05654213 -.00000144  00000+0 -48009-4 0  9999
2 16182  71.0013 106.0873 0008932 318.0760 196.9054 14.16621531113766
SL-14 R/B               
1 16496U 86006B   26256.00250100  .00000342  00000+0  33329-4 0  9997
2 16496  82.5233  83.4652 0076569  12.7131 347.5992 14.87011527177041
COSMOS 1743             
1 16719U 86034A   26255.97156293  .00065469  00000+0  42345-3 0  9997
2 16719  82.5220 234.7817 0001948  80.9526 279.1960 15.75834909209577
SL-14 R/B               
1 16792U 86046B   26256.04465756  .00000284  00000+0  29850-4 0  9998
2 16792  82.4782 263.1578 0022272 332.3015  27.7013 14.85722634154228
SL-14 R/B               
1 16882U 86055B   26256.16215681  .00000281  00000+0  29363-4 0  9997
2 16882  82.5207 310.4283 0020340  73.4114 313.0689 14.85775419147206
AJISAI (EGS)            
1 16908U 86061A   26256.16547889 -.00000112  00000+0 -99584-4 0  9998
2 16908  50.0073 236.8650 0011310  44.3161  86.4977 12.44517364491345
SL-14 R/B               
1 17567U 87024B   26256.07732221  .00000271  00000+0  27939-4 0  9995
2 17567  82.5249 276.6441 0018265   5.2101 354.9302 14.86264698115961
COSMOS 1833             
1 17589U 87027A   26256.09918389 -.00000324  00000+0 -14734-3 0  9994
2 17589  70.9170 292.0938 0027046 281.1292  78.6788 14.13050259 36792
SL-16 R/B               
1 17590U 87027B   26256.02253645 -.00000128  00000+0 -39768-4 0  9993
2 17590  71.0004 241.7311 0006117 217.4133 142.6566 14.17183217 41887
SL-14 R/B               
1 17912U 87038B   26256.03413318  .00000251  00000+0  26225-4 0  9998
2 17912  82.5001 120.3334 0017689 265.1868  94.7329 14.85495267107048
COSMOS 1844             
1 17973U 87041A   26256.00389703 -.00000283  00000+0 -12200-3 0  9990
2 17973  70.9019 359.0705 0028343 101.9422 258.4880 14.14581296 30079
SL-14 R/B               
1 18153U 87055B   26256.04541413  .00000288  00000+0  30234-4 0  9999
2 18153  82.5022 172.4100 0022053 112.2123 248.1436 14.85758177 97757
COSMOS 1867             
1 18187U 87060A   26256.08788387 -.00000044  00000+0  21260-4 0  9999
2 18187  65.0102 141.8870 0018453 280.9936  78.9072 14.31523634 46766
SL-14 R/B               
1 18749U 88001B   26256.05336888  .00000279  00000+0  29388-4 0  9999
2 18749  82.5154  19.0883 0017501 343.4745  16.5898 14.85658781 69846
COSMOS 1933             
1 18958U 88020A   26255.98215141  .00002297  00000+0  10776-3 0  9993
2 18958  82.5099  65.4431 0002533 267.5275  92.5669 15.19191232 78653
SL-3 R/B                
1 19046U 88032B   26256.19356007  .00003302  00000+0  14914-3 0  9992
2 19046  97.5354 239.2273 0023562 301.9540  57.9404 15.21450112 80608
SL-16 R/B               
1 19120U 88039B   26256.12778799  .00000131  00000+0  84740-4 0  9993
2 19120  71.0160  32.2028 0020140  48.2203 312.0639 14.19637275984980
COSMOS 1953             
1 19210U 88050A   26256.21539139  .00005627  00000+0  18622-3 0  9999
2 19210  82.5096 329.1970 0010828 172.6317 187.5086 15.31050433 66453
SL-8 R/B                
1 19257U 88053B   26256.10728477  .00000147  00000+0  56128-4 0  9992
2 19257  74.0466 126.9907 0021171 261.3129 251.8656 14.38994250  3442
COSMOS 1975             
1 19573U 88093A   26256.06339439  .00004762  00000+0  16116-3 0  9997
2 19573  82.5163 289.2492 0009924 220.1381 139.9127 15.30298119 48046
SL-14 R/B               
1 19574U 88093B   26256.02713060  .00000286  00000+0  29960-4 0  9999
2 19574  82.5295 226.1688 0021743 134.9991 293.1903 14.85788678 28835
SL-16 R/B               
1 19650U 88102B   26256.01542326  .00000276  00000+0  16363-3 0  9990
2 19650  70.9979 117.3397 0012114  84.5586 275.6919 14.16171969953416
INTERCOSMOS 24          
1 20261U 89080A   26256.17354897  .00000702  00000+0  20554-3 0  9998
2 20261  82.6115 342.3727 1186614 217.5994 133.6143 12.59728053690400
SL-14 R/B               
1 20262U 89080C   26255.93078966  .00000280  00000+0  74616-4 0  9992
2 20262  82.5912  52.9188 1230250 116.7244 256.5019 12.50603541683554
DELTA 1 R/B             
1 20323U 89089B   26256.01970220  .00000178  00000+0  52816-4 0  9997
2 20323  97.0661  73.5405 0067571 250.0152 109.3761 14.50773653922894
ARIANE 40 R/B           
1 20443U 90005H   26256.08524282  .00000134  00000+0  56060-4 0  9997
2 20443  98.2873 310.9307 0010097   8.0858 352.0491 14.39962365919776
DELTA 2 R/B(1)          
1 20453U 90008B   26255.74265935  .00283764  31258-4  78355-3 0  9996
2 20453  35.5950   1.7689 0027217 232.4738 127.3535 15.92156434955546
COSMOS 2058             
1 20465U 90010A   26256.00867788  .00002425  00000+0  13780-3 0  9996
2 20465  82.4657 222.7118 0011281  55.2918 304.9373 15.12417876970543
SL-14 R/B               
1 20466U 90010B   26256.04488580  .00000252  00000+0  27549-4 0  9995
2 20466  82.4986  91.4282 0020842  45.4488 314.8425 14.83691500956264
SL-14 R/B               
1 20511U 90018B   26255.90552818  .00000290  00000+0  33300-4 0  9998
2 20511  82.5202  48.0925 0015770 191.0518 169.0353 14.82262363950315
HST                     
1 20580U 90037B   26255.93577969  .00005307  00000+0  16138-3 0  9995
2 20580  28.4731 200.4311 0001822  46.6900 313.3848 15.31629360802030
SL-16 R/B               
1 20625U 90046B   26256.02920216 -.00000178  00000+0 -67083-4 0  9992
2 20625  70.9970 264.4581 0013694   9.4217 350.7160 14.15034621874890
COSMOS 2084             
1 20663U 90055A   26256.15707204  .00001622  00000+0  12301-3 0  9993
2 20663  62.7885  55.7607 0016806 348.0240  12.0458 15.06420018964553
SL-6 R/B(2)             
1 20666U 90055D   26255.93718867  .00000979  00000+0  82669-4 0  9997
2 20666  62.7832 336.7016 0054299  16.4266 343.8577 15.04274073966359
SL-8 R/B                
1 20775U 90078B   26256.01475469  .00012531  00000+0  34094-3 0  9996
2 20775  82.8971  82.0882 0341780 100.4368 263.5556 14.94892273837235
SL-8 R/B                
1 21088U 91006B   26255.89048622  .00000103  00000+0  88298-4 0  9996
2 21088  82.9437  30.7648 0021463 228.2843 245.8646 13.77522234789844
OKEAN-3                 
1 21397U 91039A   26255.67319489  .00002443  00000+0  16681-3 0  9998
2 21397  82.5189 155.5352 0015493  54.7778 305.4897 15.05665154893164
COSMOS 2151             
1 21422U 91042A   26256.14955544  .00001076  00000+0  82865-4 0  9991
2 21422  82.4927 262.7805 0013334 139.5475 220.6743 15.00634149891301
SL-14 R/B               
1 21423U 91042B   26256.13333468  .00000263  00000+0  30243-4 0  9996
2 21423  82.4923  44.3976 0016667 350.2368   9.8519 14.81945323880837
ERS-1                   
1 21574U 91050A   26256.09045100  .00000189  00000+0  74982-4 0  9995
2 21574  98.7780 278.9298 0031976   8.2590 351.9116 14.39563862842697
ARIANE 40 R/B           
1 21610U 91050F   26256.11280847  .00000183  00000+0  67058-4 0  9998
2 21610  98.1798 301.0715 0002444 202.1725 157.9360 14.42999655846029
INTERCOSMOS 25          
1 21819U 91086A   26255.35496086  .00001279  00000+0  24323-3 0  9991
2 21819  82.6064 197.0822 1485517  74.3694 301.5916 12.12328313519301
SL-8 R/B                
1 21876U 92008B   26256.13339997  .00000111  00000+0  98607-4 0  9994
2 21876  82.9264 128.4102 0034201 333.2389 191.7282 13.75991953735193
SL-8 R/B                
1 21938U 92020B   26255.41397922  .00000081  00000+0  67720-4 0  9997
2 21938  82.9338  15.0517 0030084 134.8793 287.7980 13.75559674726803
USA 81                  
1 21949U 92023A   26255.87398307  .00000119  00000+0  36609-4 0  9994
2 21949  85.0102  23.3791 0002375 109.7816 250.3633 14.32417120121581
COSMOS 2219             
1 22219U 92076A   26256.18764220 -.00000209  00000+0 -84794-4 0  9999
2 22219  71.0637 346.1057 0020727 273.8891  85.9862 14.14113356744882
SL-16 R/B               
1 22220U 92076B   26256.15470542  .00000078  00000+0  62837-4 0  9995
2 22220  71.0001 153.4753 0012585 179.1965 330.9872 14.16879771748389
COSMOS 2221             
1 22236U 92080A   26256.05724465  .00001052  00000+0  89659-4 0  9996
2 22236  82.5005  99.5655 0012738 284.4774  75.5034 14.96739376808817
SL-16 R/B               
1 22285U 92093B   26256.15495090 -.00000035  00000+0  66065-5 0  9992
2 22285  71.0242 330.7181 0004200 348.4924  11.6102 14.15474294739685
COSMOS 2228             
1 22286U 92094A   26256.14364475  .00001382  00000+0  11501-3 0  9993
2 22286  82.5157  57.7582 0018538  34.4899 325.7523 14.97821800804117
SL-16 R/B               
1 22566U 93016B   26256.07368025 -.00000227  00000+0 -91961-4 0  9994
2 22566  71.0076 181.6157 0009051  26.1576 334.0003 14.15316937728689
COSMOS 2242             
1 22626U 93024A   26256.00997284  .00001146  00000+0  96708-4 0  9991
2 22626  82.5151  87.5000 0017065  38.9641 321.2807 14.97123310808417
SL-16 R/B               
1 22803U 93059B   26255.93864572 -.00000223  00000+0 -86529-4 0  9997
2 22803  70.9926 336.2470 0019443 283.2675  76.6280 14.17256482706067
ARIANE 40 R/B           
1 22830U 93061H   26256.11823970  .00000099  00000+0  51944-4 0  9990
2 22830  98.4739 321.1138 0011898  90.0678 270.1869 14.32936601720943
COSMOS 2278             
1 23087U 94023A   26256.08441228  .00000373  00000+0  21914-3 0  9990
2 23087  71.0531 143.0231 0006955 105.9826 254.2063 14.14404782671303
SL-16 R/B               
1 23088U 94023B   26256.11758112 -.00000232  00000+0 -95201-4 0  9995
2 23088  71.0013  37.2642 0003820 332.8813  27.2110 14.15033718672607
SL-16 R/B               
1 23343U 94074B   26256.05852733  .00000258  00000+0  41028-4 0  9996
2 23343  97.6962 279.1058 0005991 343.7355  34.6725 14.79564341714959
SL-16 R/B               
1 23405U 94077B   26256.16750994 -.00000220  00000+0 -88119-4 0  9999
2 23405  70.9838 318.0649 0004837 255.2861 104.7726 14.15580373642762
ARIANE 40+ R/B          
1 23561U 95021B   26256.16347987  .00000164  00000+0  66090-4 0  9995
2 23561  98.4336 324.9352 0005653 305.4027  82.9628 14.39871945646226
SL-16 R/B               
1 23705U 95058B   26256.11283558 -.00000093  00000+0 -23203-4 0  9995
2 23705  71.0210 146.7574 0013295 203.1034 156.9492 14.15514036594371
SL-16 R/B               
1 24298U 96051B   26256.05917102  .00000169  00000+0  11769-3 0  9994
2 24298  70.7685 138.7038 0019012 224.0756 135.8850 14.12479269548102
ORBVIEW 2 (SEASTAR)     
1 24883U 97037A   26256.04886735  .00000139  00000+0  64450-4 0  9998
2 24883  98.8779  65.5530 0001579 202.1254 157.9863 14.35590031535358
SL-16 R/B               
1 25400U 98043G   26255.71478236  .00000015  00000+0  25388-4 0  9998
2 25400  98.8460 210.6628 0009600 186.2892 173.8169 14.26080565465641
SL-16 R/B               
1 25407U 98045B   26256.10242685  .00000215  00000+0  13256-3 0  9990
2 25407  71.0110 147.4434 0005321 103.2521 256.9196 14.16210552453638
ISS (ZARYA)             
1 25544U 98067A   26256.17555433  .00004898  00000+0  96695-4 0  9991
2 25544  51.6307 224.6171 0004917 134.6730 225.4659 15.49096932585393
CZ-4B R/B               
1 25732U 99025C   26256.10334581  .00000015  00000+0  27810-4 0  9997
2 25732  98.6414 295.6993 0037443 164.0040 220.8404 14.18295072414730
OKEAN-O                 
1 25860U 99039A   26256.14092880  .00000406  00000+0  59806-4 0  9995
2 25860  97.9228 313.8912 0001949  90.4282 269.7154 14.80551205462125
SL-16 R/B               
1 25861U 99039B   26256.14882006  .00000332  00000+0  48716-4 0  9999
2 25861  97.9748 314.7214 0015002  14.2677 345.8956 14.81918075464621
DELTA 2 R/B             
1 25876U 99041E   26256.00660558  .00000539  00000+0  12521-3 0  9992
2 25876  51.7616 272.8485 0500592 181.3097 178.6554 14.12245926389497
HELIOS 1B               
1 25977U 99064A   26255.72567910  .00000910  00000+0  10504-3 0  9997
2 25977  98.1515 163.3647 0001830 120.7833 239.3563 14.88195816713077
TERRA                   
1 25994U 99068A   26256.14639719  .00000241  00000+0  57989-4 0  9990
2 25994  97.9372 302.1697 0001483 349.8157  38.9818 14.61159219422452
SL-16 R/B               
1 26070U 00006B   26256.16626044 -.00000087  00000+0 -19676-4 0  9990
2 26070  71.0012  63.6312 0018726 257.7711 102.1315 14.15843035375094
TITAN 4B R/B            
1 26474U 00047B   26256.13422205  .00001929  00000+0  12253-3 0  9990
2 26474  67.9857 232.9374 0042078 197.1663 162.8067 15.10598237421212
ENVISAT                 
1 27386U 02009A   26255.84983903  .00000043  00000+0  27892-4 0  9999
2 27386  98.3916 205.2445 0001192  90.8370 297.3760 14.39081699286095
IDEFIX & ARIANE 42P R/B 
1 27422U 02021B   26255.66478284  .00000134  00000+0  67490-4 0  9994
2 27422  98.5974 192.2109 0011970   3.1016 357.0239 14.31115487270760
AQUA                    
1 27424U 02022A   26256.19378653  .00000507  00000+0  11045-3 0  9993
2 27424  98.4387 227.2811 0001619  69.1303 347.9773 14.62199443296136
CZ-4B R/B               
1 27432U 02024C   26256.15275958  .00000017  00000+0  31430-4 0  9991
2 27432  98.8614 308.3661 0049649 209.2978 171.8151 14.14575050255741
MIDORI II (ADEOS-II)    
1 27597U 02056A   26255.91882437  .00000155  00000+0  78782-4 0  9991
2 27597  98.7979 215.9645 0001519 124.7712 235.3613 14.29387712237046
H-2A R/B                
1 27601U 02056E   26256.13796903  .00000181  00000+0  78122-4 0  9991
2 27601  98.3407 209.6426 0069493 324.1714  46.5612 14.33861299240973
CZ-4B R/B               
1 28059U 03049C   26256.04130368  .00000246  00000+0  67952-4 0  9990
2 28059  98.6955 258.4103 0048512  21.3060 339.0142 14.55150015213840
CZ-2C R/B               
1 28222U 04012C   26255.99552868  .01806420  26477-5  61613-3 0  9997
2 28222  97.6995 343.8048 0011728 263.5983  96.3972 16.25367969233871
SL-16 R/B               
1 28353U 04021B   26256.12667797 -.00000276  00000+0 -11905-3 0  9999
2 28353  71.0002 199.1326 0002961 133.6809 226.4559 14.14619150149348
CZ-4B R/B               
1 28415U 04035C   26256.02984735  .00006069  00000+0  19776-3 0  9994
2 28415  97.3312 288.1547 0030691  25.3343 334.9396 15.31733947208562
CZ-2C R/B               
1 28480U 04046B   26256.11645716  .00000104  00000+0  54356-4 0  9999
2 28480  98.1838 159.3557 0138602 320.9664  38.1578 14.27051143135230
ARIANE 5 R/B            
1 28499U 04049H   26256.03284282  .00000521  00000+0  63502-4 0  9996
2 28499  98.2788  71.7296 0084967 103.7111 257.3580 14.85556164173608
CZ-2D R/B               
1 28738U 05024B   26256.02968031  .00077624  00000+0  39623-3 0  9990
2 28738  97.3408 280.5337 0003984  81.3594 278.8126 15.81144363169166
ALOS (DAICHI)           
1 28931U 06002A   26255.89045004  .00000929  00000+0  16241-3 0  9997
2 28931  98.1414 211.2306 0002165  76.5177 283.6270 14.70212264100989
H-2A R/B                
1 28932U 06002B   26256.01709188  .00004854  00000+0  22790-3 0  9990
2 28932  98.2664  59.9273 0048761 324.0798  35.7159 15.19136981122857
RESURS-DK 1             
1 29228U 06021A   26256.01003420  .00001538  00000+0  91770-4 0  9997
2 29228  69.9300 112.1615 0005478 215.7637 144.3163 15.13507166115862
CZ-4B R/B               
1 29507U 06046C   26256.05035212  .00002865  00000+0  14105-3 0  9992
2 29507  97.5372 300.3822 0031442 339.8543  20.1447 15.18386411 88467
CZ-2C R/B               
1 31114U 07010B   26256.05014808  .00000053  00000+0  43157-4 0  9996
2 31114  98.4145   0.1240 0060080 109.2701 251.4988 14.20293870  6306
COSMO-SKYMED 1          
1 31598U 07023A   26256.21578126  .00002048  00000+0  18119-3 0  9997
2 31598  97.8834  88.8352 0001623  92.8492 267.2915 14.97436743 42968
COSMOS 2428             
1 31792U 07029A   26256.07092841  .00000069  00000+0  62737-4 0  9995
2 31792  70.9441 169.9753 0010570 332.6582  27.3981 14.12976199990569
SL-16 R/B               
1 31793U 07029B   26256.07893090 -.00000081  00000+0 -17087-4 0  9995
2 31793  70.9759 138.4707 0002081 279.1043 239.9389 14.14864487991873
KORONAS-FOTON           
1 33504U 09003A   26256.00456054  .00010259  00000+0  19901-3 0  9991
2 33504  82.4256  80.5148 0009413 190.1626 169.9435 15.47456028974674
CZ-2C R/B               
1 37731U 11030B   26255.90884073  .00000726  00000+0  96889-4 0  9993
2 37731  97.8747 209.7599 0053607 100.5729 325.8029 14.81617805817816
H-2A R/B                
1 38341U 12025E   26255.91752954  .00001995  00000+0  18030-3 0  9999
2 38341  98.4936 238.3627 0045101  60.6988 299.8727 14.96043445776205
SHIJIAN-16 (SJ-16)      
1 39358U 13057A   26256.17384830  .00001026  00000+0  10186-3 0  9996
2 39358  74.9732 190.0151 0015481  12.6358 347.5215 14.92771349699472
SL-4 R/B                
1 39679U 14021B   26256.09243529  .00013632  00000+0  26517-3 0  9995
2 39679  51.6042 139.5813 0087769  69.1423 291.8934 15.43782953685187
ALOS-2                  
1 39766U 14029A   26256.19714258  .00000769  00000+0  10987-3 0  9994
2 39766  97.9233 352.1010 0001503  93.9921 266.1462 14.79469378664595
YAOGAN-29               
1 41038U 15069A   26256.22183270 -.00000166  00000+0 -13677-4 0  9995
2 41038  97.9989 284.9776 0002897  90.7796 269.3749 14.83141358583673
ASTRO-H (HITOMI)        
1 41337U 16012A   26256.17509743  .00002216  00000+0  12429-3 0  9996
2 41337  30.9981 225.7762 0009324  58.9073 301.2479 15.10857304580600
HXMT (HUIYAN)           
1 42758U 17034A   26255.93021149  .00003505  00000+0  17323-3 0  9991
2 42758  43.0147  54.2180 0031852 339.6618  20.2961 15.19116431511001
SAOCOM 1A               
1 43641U 18076A   26256.16977515  .00000118  00000+0  21414-4 0  9997
2 43641  97.8889  81.6537 0001422  83.3641 276.7734 14.82144508429135
H-2A R/B                
1 43682U 18084L   26255.98115090  .00018756  00000+0  35337-3 0  9997
2 43682  98.8428 154.2299 0022881  89.8557 270.5310 15.48305267434694
SAOCOM 1B               
1 46265U 20059A   26256.20101115 -.00000092  00000+0 -49446-5 0  9995
2 46265  97.8898  80.7847 0001390  81.7710 278.3661 14.82142806326522
CSS (TIANHE)            
1 48274U 21035A   26256.11210013  .00019136  00000+0  23465-3 0  9998
2 48274  41.4681 148.1903 0002647 275.0294  85.0243 15.59875120306896
COSMOS 2550             
1 48865U 21056A   26256.18471983  .00004225  00000+0  13416-3 0  9997
2 48865  67.1433 193.7119 0008352 268.5974  91.4223 15.33833021292213
CZ-2C R/B               
1 52794U 22058K   26256.16113256  .00043987  00000+0  37614-3 0  9994
2 52794  50.1829  63.5768 0029951 279.0465  80.7122 15.68374039239424
CZ-2C R/B               
1 54039U 22132E   26256.01951578  .00096784  00000+0  42836-3 0  9997
2 54039  97.2875 267.7314 0013131 104.7354 255.5372 15.84036609219793
GSLV R/B                
1 54149U 22138AN  26256.06073154  .00001670  00000+0  13999-3 0  9993
2 54149  87.3740 103.4453 0020806 183.0854 177.0253 14.97576931211965
XRISM                   
1 57800U 23137A   26256.07694259  .00004107  00000+0  22079-3 0  9993
2 57800  31.0014 149.9989 0007319 132.2937 227.8323 15.13098572166187
ACS3                    
1 59588U 24077B   26256.15234067  .00025454  00000+0  17586-1 0  9991
2 59588  97.2158 155.7277 0079689 332.6316  27.0665 13.97480531120310
SPACEMOBILE-003         
1 61045U 24163A   26255.29973797  .00000203  00000+0  23939-4 0  9999
2 61045  52.9695 268.9000 0005515  31.6011 328.5314 15.20470137111028
SPACEMOBILE-005         
1 61046U 24163B   26255.74421736 -.00004940  00000+0 -20856-3 0  9999
2 61046  52.9766 266.8527 0008485  20.8875 339.2464 15.20460442111085
SPACEMOBILE-001         
1 61047U 24163C   26254.75731356 -.00000799  00000+0 -21315-4 0  9992
2 61047  52.9735 271.0728 0007261  29.9931 330.1477 15.20468465110937
SPACEMOBILE-002         
1 61048U 24163D   26255.07110481  .00011507  00000+0  53072-3 0  9990
2 61048  52.9654 269.6998 0007226  61.5886 298.5835 15.20683588110987
SPACEMOBILE-004         
1 61049U 24163E   26255.25024720  .00009383  00000+0  43733-3 0  9993
2 61049  52.9722 268.6367 0009098  53.0099 307.1727 15.20536725111016
CZ-8A R/B               
1 66004U 25231K   26256.09363944  .00000019  00000+0  65407-4 0  9993
2 66004  50.0052  25.3041 0116786 173.7345 186.5062 14.30180997 47522
SZ-21 MODULE            
1 66515U 25246C   26255.98736866  .00066046  00000+0  27003-3 0  9991
2 66515  41.4696 117.2165 0012077 286.9643  72.9880 15.85018110 47637
SPACEMOBILE-006         
1 67232U 25309A   26255.69899403  .00001924  00000+0  10629-3 0  9993
2 67232  52.9945 290.6900 0011736  47.6639 312.5347 15.18879642 39890
SPACEMOBILE-008         
1 69589U 26139A   26256.07086495  .00001440  00000+0  97511-4 0  9993
2 69589  52.9944 223.5279 0002774 217.3361 142.7438 15.12970094 13286
SPACEMOBILE-009         
1 69590U 26139B   26256.07695294  .00001311  00000+0  90545-4 0  9995
2 69590  52.9935 223.5547 0003071 212.9748 147.1052 15.12864063 13286
SPACEMOBILE-010         
1 69591U 26139C   26255.95402756  .00001092  00000+0  78551-4 0  9990
2 69591  52.9940 224.2162 0003437 200.9023 159.1828 15.12720352 13278
